0000000000000000000000000000
0000000000000000000000000000
0000000000000000000000000000
0000000000000000000000000000
0000000000000000000000000000
0000000000000000000000000000
0000000000011111111110000000
0000000001111111111111000000
0000000011100000000111000000
0000000111000000000111000000
0000000111000000000111000000
0000000111000000001111000000
0000000111000000001110000000
0000000111111111111100000000
0000000011111111111100000000
0000000111111111111110000000
0000001111100000111110000000
0000001110000000001110000000
0000001110000000001110000000
0000001110000000001110000000
0000001111000000111100000000
0000000111111111111000000000
0000000011111111100000000000
0000000000000000000000000000
0000000000000000000000000000
0000000000000000000000000000
0000000000000000000000000000
0000000000000000000000000000