0000000000000000000000000000
0000000000000000000000000000
0000000000000000000000000000
0000000000000000000000000000
0000000000000000000000000000
0000000000000000000000000000
0000000000000000000000000000
0000000000110000000110000000
0000000000110000000110000000
0000000001100000000110000000
0000000011000000000110000000
0000000011000000001110000000
0000000110000000001100000000
0000000110000000011100000000
0000000110000000011100000000
0000000110000000011000000000
0000000111000011111000000000
0000000011111111111000000000
0000000000000000111000000000
0000000000000000011000000000
0000000000000000111000000000
0000000000000000011000000000
0000000000000000111000000000
0000000000000000110000000000
0000000000000000000000000000
0000000000000000000000000000
0000000000000000000000000000
0000000000000000000000000000